var_to_xrange:
  'gg_mass': [100.01084, 179.82112, False]
  'nJet': [2.0, 26.0, False]
  'MET_pt': [0.16575342, 1010.4287, False]
  'MET_phi': [-3.1416016, 3.1416016, False]
  'diphoton_pt_mgg': [0.0035065392, 14.752809, False]
  'diphoton_rapidity': [-5.7729926, 6.651004, False]
  'diphoton_delta_R': [0.13670379, 3.7422054, False]
  'lead_pho_ptmgg': [0.3304988, 11.558663, False]
  'sublead_pho_ptmgg': [0.25000003, 6.3650928, False]
  'lead_pho_eta': [-2.4995117, 2.4995117, False]
  'sublead_pho_eta': [-2.4995117, 2.4995117, False]
  'lead_pho_idmva': [-0.69970703, 0.9921875, False]
  'sublead_pho_idmva': [-0.69970703, 0.9921875, False]
  'lead_pho_phi': [-3.1416016, 3.1416016, False]
  'sublead_pho_phi': [-3.1416016, 3.1416016, False]
  'ele1_pt': [-9.5, -8.5, False]
  'ele1_eta': [-9.5, -8.5, False]
  'ele1_phi': [-9.5, -8.5, False]
  'ele2_pt': [-9.5, -8.5, False]
  'ele2_eta': [-9.5, -8.5, False]
  'ele2_phi': [-9.5, -8.5, False]
  'ele1_tightId': [-9.5, -8.5, False]
  'ele2_tightId': [-9.5, -8.5, False]
  'muon1_pt': [-9.5, -8.5, False]
  'muon1_eta': [-9.5, -8.5, False]
  'muon1_phi': [-9.5, -8.5, False]
  'muon2_pt': [-9.5, -8.5, False]
  'muon2_eta': [-9.5, -8.5, False]
  'muon2_phi': [-9.5, -8.5, False]
  'muon1_tightId': [-9.5, -8.5, False]
  'muon2_tightId': [-9.5, -8.5, False]
  'tau1_pt': [20.00065040588379, 946.245849609375, False]
  'tau1_eta': [-2.2998046875, 2.2998046875, False]
  'tau1_phi': [-3.1416015625, 3.1416015625, False]
  'tau2_pt': [-9.5, -8.5, False]
  'tau2_eta': [-9.5, -8.5, False]
  'tau2_phi': [-9.5, -8.5, False]
  'tau1_id_vs_e': [3.0, 255.0, False]
  'tau1_id_vs_m': [1.0, 15.0, False]
  'tau1_id_vs_j': [15.0, 255.0, False]
  'tau2_id_vs_e': [-9.5, -8.5, False]
  'tau2_id_vs_m': [-9.5, -8.5, False]
  'tau2_id_vs_j': [-9.5, -8.5, False]
  'n_tau': [0.5, 1.5, False]
  'n_electrons': [-0.5, 0.5, False]
  'n_muons': [-0.5, 0.5, False]
  'jet1_pt': [-9.0, 2308.0, False]
  'jet1_eta': [-9.0, 2.39990234375, False]
  'jet1_id': [-9.0, 6.0, False]
  'jet1_bTagDeepFlavB': [-9.0, 0.99951171875, False]
  'jet2_pt': [-9.0, 1177.0, False]
  'jet2_eta': [-9.0, 2.39990234375, False]
  'jet2_id': [-9.0, 6.0, False]
  'jet2_bTagDeepFlavB': [-9.0, 0.99951171875, False]
  'pt_tautauSVFitLoose': [-1.5, -0.5, False]
  'eta_tautauSVFitLoose': [-1.5, -0.5, False]
  'phi_tautauSVFitLoose': [-1.5, -0.5, False]
  'm_tautauSVFitLoose': [-1.5, -0.5, False]
  'dR_tautauSVFitLoose': [-1.5, -0.5, False]
  'dR_ggtautauSVFitLoose': [-1.5, -0.5, False]
  'dphi_MET_tau1': [-3.141357421875, 3.1411717573748987, False]
  'dR_tautauLoose': [-1.5, -0.5, False]
  'dR_ggtautauLoose': [-1.5, -0.5, False]
  'dPhi_ggtautauLoose': [-1.5, -0.5, False]
  'dPhi_ggtautauSVFitLoose': [-1.5, -0.5, False]
  'Category_pairsLoose': [-1.5, -0.5, False] 
